form_type,filer_committee_id_number,transaction_id_number,back_reference_tran_id_number,back_reference_sched_name,entity_type,payee_organization_name,payee_last_name,payee_first_name,payee_middle_name,payee_prefix,payee_suffix,payee_street_1,payee_street_2,payee_city,payee_state,payee_zip_code,election_code,election_other_description,expenditure_date,expenditure_amount,semi_annual_refunded_bundled_amt,expenditure_purpose_descrip,category_code,beneficiary_committee_fec_id,beneficiary_committee_name,beneficiary_candidate_fec_id,beneficiary_candidate_last_name,beneficiary_candidate_first_name,beneficiary_candidate_middle_name,beneficiary_candidate_prefix,beneficiary_candidate_suffix,beneficiary_candidate_office,beneficiary_candidate_state,beneficiary_candidate_district,conduit_name,conduit_street_1,conduit_street_2,conduit_city,conduit_state,conduit_zip_code,memo_code,memo_text_description,reference_to_si_or_sl_system_code_that_identifies_the_account
SB23,C00000901,8037384062A9D0C0E52,,,CCM,Andy Ogles For Congress,,,,,,29 Public Sq,,Columbia,TN,38401,G2024,,2024-10-08,3000.00,,2024 General,011,C00811844,Ogles,H2TN05446,Ogles,Andrew,,,,H,TN,05,,,,,,,,
SB23,C00000901,94B842A5D2BF5384FF8,,,CCM,Angie Craig For Congress,,,,,,PO Box 22116,,Eagan,MN,55122,G2024,,2024-10-02,4500.00,,2024 General,011,C00575209,Craig,H6MN02131,Craig,Angela,Dawn,,,H,MN,02,,,,,,,,
SB23,C00000901,5460CEF4618EB7803EB,,,CCM,Banks For Senate,,,,,,PO Box 11431,,Fort Wayne,IN,468581431,G2024,,2024-10-02,5000.00,,2024 General,011,C00577999,Banks,S4IN00196,Banks,Jim,E.,,,S,IN,,,,,,,,,
SB23,C00000901,A1DD62C96AFEDE42B54,,,CCM,Barragan For Congress,,,,,,1840 SOUTH GAFFEY STREET #421,,SAN PEDRO,CA,90731,G2024,,2024-10-16,1000.00,,2024 General,011,C00577353,Barragan,H6CA44103,Barragan,Nanette,Diaz,,,H,CA,44,,,,,,,,
SB23,C00000901,B07A2E29F666D8D5372,,,CCM,"Ben Cline For Congress, Inc.",,,,,,PO Box 1790,,Harrisonburg,VA,22803,G2024,,2024-10-08,5000.00,,2024 General,011,C00661561,Cline,H8VA06104,Cline,Benjamin,L.,,,H,VA,06,,,,,,,,
SB23,C00000901,B1333EAF01936BC421A,,,CCM,Bergman For Congress,,,,,,3585 Bunker Hill Rd,Unit 434,Acme,MI,49610,G2024,,2024-10-08,2000.00,,2024 General,011,C00614214,Bergman,H6MI01226,Bergman,Jack,,,,H,MI,01,,,,,,,,
SB23,C00000901,629796A7CD2CDFE9E97,,,CCM,Biggs For Congress,,,,,,228 S Washington St,Ste 115,Alexandria,VA,22314,G2024,,2024-10-09,3000.00,,2024 General,011,C00610451,Biggs,H6AZ05083,Biggs,Andrew,S.,,,H,AZ,05,,,,,,,,
SB23,C00000901,0AD703F734B5C3F6807,,,CCM,Brian Jack For Congress,,,,,,225 Market Place Connector,NUM 1055,Peachtree City,GA,30269,G2024,,2024-10-08,2500.00,,2024 General,011,C00872473,Jack,H4GA03126,Jack,Brian,,,,H,GA,03,,,,,,,,
SB23,C00000901,B601D45F2B70F216586,,,CCM,Brittany Pettersen For Colorado,,,,,,PO Box 150887,,Lakewood,CO,80215,G2024,,2024-10-16,5000.00,,2024 General,011,C00637215,Pettersen,H8CO07045,Pettersen,Brittany,L.,,,H,CO,07,,,,,,,,
SB23,C00000901,EF4993B7F8D6AAA2649,,,CCM,Burchett For Congress,,,,,,PO Box 51345,,Knoxville,TN,37950,G2024,,2024-10-08,3000.00,,2024 General,011,C00652149,Burchett,H8TN02119,Burchett,Tim,,,,H,TN,02,,,,,,,,
SB23,C00000901,C123780EE50257EFE91,,,CCM,Captain Higgins For Congress,,,,,,PO Box 61747,,Lafayette,LA,70596,G2024,,2024-10-08,3500.00,,2024 General,011,C00617662,Higgins,H6LA03148,Higgins,Clay,,,,H,LA,03,,,,,,,,
SB23,C00000901,BE13434FE82E3B2B90D,,,CCM,Carlos Gimenez For Congress,,,,,,1421 SW 107TH AVE #236,,MIAMI,FL,33174,G2024,,2024-10-08,3500.00,,2024 General,011,C00735985,Gimenez,H0FL26036,Gimenez,Carlos,Antonio,,,H,FL,28,,,,,,,,
SB23,C00000901,4229A912D052500C680,,,CCM,Castro For Congress,,,,,,PO Box 544,,San Antonio,TX,78292,G2024,,2024-10-16,1000.00,,2024 General,011,C00497933,Castro,H2TX35011,Castro,Joaquin,,,,H,TX,20,,,,,,,,
SB23,C00000901,CE8617FFBF83C65AA12,,,CCM,"Chuck Fleischmann For Congress Committee, Inc.",,,,,,PO Box 11091,,Chattanooga,TN,37401,G2024,,2024-10-08,5000.00,,2024 General,011,C00461822,Fleischmann,H0TN03254,Fleischmann,Charles,J.,,,H,TN,03,,,,,,,,
SB23,C00000901,43DEEED50B763E26F0B,,,CCM,Cisneros For Congress,,,,,,PO Box 1153,,Covina,CA,91722,G2024,,2024-10-09,2500.00,,2024 General,011,C00850420,Cisneros,H4CA31170,Cisneros,Gilbert,R.,,Jr.,H,CA,31,,,,,,,,
SB23,C00000901,A8246A6FDA5A4277CDA,,,CCM,Citizens For Waters,,,,,,12501 Imperial Hwy,Ste 200,Norwalk,CA,90650,G2024,,2024-10-16,1000.00,,2024 General,011,C00167585,Waters,H4CA23011,Waters,Maxine,,,,H,CA,43,,,,,,,,
SB23,C00000901,EA7A86B8A8257EB8729,,,CCM,Cleo Fields For Congress,,,,,,2147 Government St,,Baton Rouge,LA,70806,G2024,,2024-10-08,2500.00,,2024 General,011,C00868513,Fields,H4LA06211,Fields,Cleo,C.,,,H,LA,06,,,,,,,,
SB23,C00000901,31C599B1ECC107BC57C,,,CCM,Cloud For Congress,,,,,,PO Box 7027,,Victoria,TX,77903,G2024,,2024-10-16,3500.00,,2024 General,011,C00655332,Cloud,H8TX27049,Cloud,Michael,J.,,,H,TX,27,,,,,,,,
SB23,C00000901,67790AC3017A0B19D8A,,,CCM,Derek Schmidt For Congress,,,,,,PO Box 4010,,Topeka,KS,66604,G2024,,2024-10-08,5000.00,,2024 General,011,C00877373,Schmidt,H4KS02164,Schmidt,Derek,,,,H,KS,02,,,,,,,,
SB23,C00000901,BD667FB42103A76F8AB,,,CCM,Diana DeGette for Congress,,,,,,PO Box 61337,,Denver,CO,80206,G2024,,2024-10-16,2500.00,,2024 General,011,C00311639,DeGette,H6CO01141,DeGette,Diana,L.,,,H,CO,01,,,,,,,,
SB23,C00000901,08E5CEBBED791CC7CA0,,,CCM,Diana For Congress,,,,,,PO Box 7208,,Kingsport,TN,37664,G2024,,2024-10-08,4500.00,,2024 General,011,C00741090,Harshbarger,H0TN01118,Harshbarger,Diana,Lynn,,,H,TN,01,,,,,,,,
SB23,C00000901,7F4C572612994D57649,,,CCM,Dr. Raul Ruiz For Congress,,,,,,PO Box 1566,,Indio,CA,92202,G2024,,2024-10-16,1000.00,,2024 General,011,C00502575,Ruiz,H2CA36439,Ruiz,Raul,,,,H,CA,25,,,,,,,,
SB23,C00000901,B2298D9B0981F3253E0,,,CCM,Elect Jim Baird For Congress,,,,,,PO Box 203,,Greencastle,IN,46135,G2024,,2024-10-08,2000.00,,2024 General,011,C00662940,Baird,H8IN04199,Baird,Jim,R.,,,H,IN,04,,,,,,,,
SB23,C00000901,3D73E15FCB72FDC9C2C,,,CCM,Emmer For Congress,,,,,,PO Box 279,,Elk River,MN,55330,G2024,,2024-10-02,5000.00,,2024 General,011,C00545749,Emmer,H4MN06087,Emmer,Thomas,Earl,,Jr.,H,MN,06,,,,,,,,
SB23,C00000901,AF85418F397F397FC43,,,CCM,Finstad For Congress,,,,,,PO Box 923,,New Ulm,MN,56073,G2024,,2024-10-02,2000.00,,2024 General,011,C00807743,Finstad,H2MN01223,Finstad,Brad,,,,H,MN,01,,,,,,,,
SB23,C00000901,8A4D182348EC4E56795,,,CCM,Fischbach For Congress,,,,,,PO Box 190,,Litchfield,MN,55355,G2024,,2024-10-02,3500.00,,2024 General,011,C00717959,Fischbach,H0MN07091,Fischbach,Michelle,L.,,,H,MN,07,,,,,,,,
SB23,C00000901,67FF8D0E63C334F47F0,,,CCM,Friends Of Dave Joyce,,,,,,9856 Archer Ln,,Dublin,OH,430178914,G2024,,2024-10-08,1500.00,,2024 General,011,C00527457,Joyce,H2OH14064,Joyce,David,Patrick,,,H,OH,14,,,,,,,,
SB23,C00000901,3DC7092D065ACEACCA0,,,CCM,Friends Of Glenn Thompson,,,,,,400 N Michael St,,Saint Marys,PA,15857,G2024,,2024-10-08,3500.00,,2024 General,011,C00444620,Thompson,H8PA05071,Thompson,Glenn,W.,,,H,PA,15,,,,,,,,
SB23,C00000901,2BFDA013426A01D442D,,,CCM,Friends Of Jim Clyburn,,,,,,PO Box 12567,,Columbia,SC,29211,G2024,,2024-10-08,1000.00,,2024 General,011,C00255562,Clyburn,H2SC02042,Clyburn,James,Enos,,,H,SC,06,,,,,,,,
SB23,C00000901,E24BDF60E5CFA9AFAF8,,,CCM,Friends Of Scott Desjarlais,,,,,,95 White Bridge Pike,Ste 207,Nashville,TN,372051482,G2024,,2024-10-08,1500.00,,2024 General,011,C00464073,DesJarlais,H0TN04195,DesJarlais,Scott,Eugene,,,H,TN,04,,,,,,,,
SB23,C00000901,74F9DF99F48C548E3F2,,,CCM,Fry For Congress,,,,,,PO Box 14641,,Surfside Beach,SC,29587,G2024,,2024-10-08,2500.00,,2024 General,011,C00786657,Fry,H2SC07280,Fry,Russell,W.,,,H,SC,07,,,,,,,,
SB23,C00000901,6B9C1C84B6478F7E097,,,CCM,Glenn Grothman For Congress,,,,,,PO Box 1215,,Fond Du Lac,WI,549641215,G2024,,2024-10-16,3500.00,,2024 General,011,C00561597,Grothman,H4WI06048,Grothman,Glenn,S.,,,H,WI,06,,,,,,,,
SB23,C00000901,CD1D5C47C4DD2A12CD4,,,CCM,Guy For Congress,,,,,,PO Box 23177,,Pittsburgh,PA,15222,G2024,,2024-10-08,5000.00,,2024 General,011,C00657833,Reschenthaler,H8PA18199,Reschenthaler,Guy,L.,,,H,PA,14,,,,,,,,
SB23,C00000901,C173FF399CE89F30E50,,,CCM,Hageman For Wyoming,,,,,,PO Box 4157,,Cheyenne,WY,82003,G2024,,2024-10-08,3500.00,,2024 General,011,C00788943,Hageman,H2WY00166,Hageman,Harriet,M.,,,H,WY,01,,,,,,,,
SB23,C00000901,0E6854288EAF0C0BA8E,,,CCM,Haley Stevens For Congress,,,,,,33717 Woodward Ave,# 539,Birmingham,MI,48009,G2024,,2024-10-08,2500.00,,2024 General,011,C00638650,Stevens,H8MI11254,Stevens,Haley,M.,,,H,MI,11,,,,,,,,
SB23,C00000901,858C198C0A894A02B08,,,CCM,Houchin For Congress,,,,,,PO Box 234,,Salem,IN,47167,G2024,,2024-10-08,3500.00,,2024 General,011,C00800649,Houchin,H6IN09143,Houchin,Erin,,,,H,IN,09,,,,,,,,
SB23,C00000901,CEE19FB2240FAA2808A,,,CCM,Huizenga For Congress,,,,,,PO Box 254,,Zeeland,MI,494641509,G2024,,2024-10-08,5000.00,,2024 General,011,C00459297,Huizenga,H0MI02094,Huizenga,William,Patrick,,,H,MI,04,,,,,,,,
SB23,C00000901,BB7117FE190FCF19B29,,,CCM,Jay Obernolte For Congress,,,,,,824 S Milledge Ave,Ste 101,Athens,GA,30605,G2024,,2024-10-08,3500.00,,2024 General,011,C00720078,Obernolte,H0CA08135,Obernolte,Jay,,,,H,CA,23,,,,,,,,
SB23,C00000901,91AD7716A0AEDA58C16,,,CCM,Jeff Crank For Congress,,,,,,9235 N Union Blvd,Ste 150,Colorado Springs,CO,80920,G2024,,2024-10-16,2500.00,,2024 General,011,C00865592,Crank,H6CO05142,Crank,Jeff,,,,H,CO,05,,,,,,,,
SB23,C00000901,773FE864DE288711221,,,CCM,Jeff Hurd For Congress,,,,,,2695 Patterson Rd,Ste 2,Grand Junction,CO,81506,G2024,,2024-10-16,2500.00,,2024 General,011,C00848333,Hurd,H4CO03357,Hurd,Jeffrey,,,,H,CO,03,,,,,,,,
SB23,C00000901,5AB88B30215A6FCC08A,,,CCM,Jim Costa For Congress,,,,,,2037 W BULLARD AVE,# 355,FRESNO,CA,937111200,G2024,,2024-10-16,3500.00,,2024 General,011,C00391029,Costa,H4CA20082,Costa,James,M.,,,H,CA,21,,,,,,,,
SB23,C00000901,537961190E8F798C959,,,CCM,Joe Neguse For Congress,,,,,,PO Box 7142,,Boulder,CO,80306,G2024,,2024-10-16,5000.00,,2024 General,011,C00648253,Neguse,H8CO02160,Neguse,Joe,,,,H,CO,02,,,,,,,,
SB23,C00000901,B25A4B37D03BDA94B17,,,CCM,John Rose For Tennessee,,,,,,PO Box 2404,,Cookeville,TN,38502,G2024,,2024-10-08,3500.00,,2024 General,011,C00652743,Rose,H8TN06094,Rose,John,W.,,,H,TN,06,,,,,,,,
SB23,C00000901,6C39EF5BE622E0C4D67,,,CCM,Julia Letlow For Congress,,,,,,PO Box 539,,Rayville,LA,712690539,G2024,,2024-10-08,3500.00,,2024 General,011,C00766428,Letlow,H2LA05126,Letlow,Julia,,,,H,LA,05,,,,,,,,
SB23,C00000901,D2038DE3A37DE1D5853,,,CCM,Kustoff For Congress,,,,,,PO Box 58823,,Nashville,TN,37205,G2024,,2024-10-08,3500.00,,2024 General,011,C00614826,Kustoff,H2TN07103,Kustoff,David,F.,,,H,TN,08,,,,,,,,
SB23,C00000901,7FB7171B52CB4D81998,,,CCM,Latta For Congress,,,,,,PO Box 106,,Bowling Green,OH,434020106,G2024,,2024-10-08,3500.00,,2024 General,011,C00438697,Latta,H8OH05036,Latta,Robert,E.,,,H,OH,05,,,,,,,,
SB23,C00000901,4D6CB63E6A4FFCF564D,,,CCM,Lisa Blunt Rochester For Senate,,,,,,PO Box 9767,,Wilmington,DE,19809,G2024,,2024-10-08,5000.00,,2024 General,011,C00843391,Blunt Rochester,S4DE00060,Blunt Rochester,Lisa,,,,S,DE,,,,,,,,,
SB23,C00000901,AFBA12B53BA2D508012,,,CCM,Mann For Congress,,,,,,PO Box 1084,,Salina,KS,674021084,G2024,,2024-10-16,5000.00,,2024 General,011,C00460659,Mann,H0KS01123,Mann,Tracey,Robert,,,H,KS,01,,,,,,,,
SB23,C00000901,09BA4E8B5A0D1B46D77,,,CCM,Mario Diaz-Balart For Congress,,,,,,8724 SW 72nd St,# 420,Miami,FL,331733512,G2024,,2024-10-08,3500.00,,2024 General,011,C00376087,Diaz-Balart,H2FL25018,Diaz-Balart,Mario,Rafael,,,H,FL,26,,,,,,,,
SB23,C00000901,71B602CC8E08A229D32,,,CCM,Mark Green For Congress,,,,,,PO Box 331046,,Nashville,TN,37203,G2024,,2024-10-08,5000.00,,2024 General,011,C00658385,Green,H8TN07076,Green,Mark,E.,,,H,TN,07,,,,,,,,
SB23,C00000901,9D4F5446F7C0646013E,,,CCM,Mark Pocan For Congress,,,,,,PO Box 327,,Madison,WI,53701,G2024,,2024-10-02,1000.00,,2024 General,011,C00502179,Pocan,H2WI02124,Pocan,Mark,,,,H,WI,02,,,,,,,,
SB23,C00000901,5EBB3F8AB26ABA40D8D,,,CCM,Marsha For Senate,,,,,,PO Box 3750,,Brentwood,TN,37024,G2024,,2024-10-08,5000.00,,2024 General,011,C00376939,Blackburn,S8TN00337,Blackburn,Marsha,Wedgeworth,,,S,TN,,,,,,,,,
SB23,C00000901,C60D7944147AD8ABB81,,,CCM,Maxine For Congress,,,,,,PO Box 12209,,Portland,OR,97212,G2024,,2024-10-16,2500.00,,2024 General,011,C00859108,Dexter,H4OR03192,Dexter,Maxine,E.,,,H,OR,03,,,,,,,,
SB23,C00000901,1751F11827D73D22051,,,CCM,"McCaul For Congress, Inc",,,,,,1108 Lavaca St,Ste 110,Austin,TX,78701,G2024,,2024-10-16,3500.00,,2024 General,011,C00392688,McCaul,H4TX10093,McCaul,Michael,Thomas,,Sr.,H,TX,10,,,,,,,,
SB23,C00000901,EC298C2AA37A18CC362,,,CCM,McClellan For Congress,,,,,,PO Box 818,,Richmond,VA,23218,G2024,,2024-10-08,1000.00,,2024 General,011,C00829812,McClellan,H4VA04066,McClellan,Jennifer,L.,,,H,VA,04,,,,,,,,
SB23,C00000901,B818B3710B2FA90174C,,,CCM,McClintock For Congress,,,,,,9458 Treelake Rd,,Granite Bay,CA,95746,G2024,,2024-10-16,5000.00,,2024 General,011,C00446815,McClintock,H8CA04152,McClintock,Thomas,M.,,,H,CA,05,,,,,,,,
SB23,C00000901,89C65D43776693E9078,,,CCM,McCollum For Congress,,,,,,PO Box 14131,,Saint Paul,MN,55114,G2024,,2024-10-02,1000.00,,2024 General,011,C00354688,McCollum,H0MN04049,McCollum,Betty,Louise,,,H,MN,04,,,,,,,,
SB23,C00000901,EA352F69EE76BFEE7D8,,,CCM,McGuire For Virginia,,,,,,PO Box 242,,Manakin Sabot,VA,23103,G2024,,2024-10-08,2500.00,,2024 General,011,C00856831,McGuire,H4VA05071,McGuire,John,J.,,III,H,VA,05,,,,,,,,
SB23,C00000901,692A8E5CE2F1CF7BD21,,,CCM,Messmer For Congress,,,,,,PO Box 44003,,Indianapolis,IN,46244,G2024,,2024-10-08,5000.00,,2024 General,011,C00867218,Messmer,H4IN08249,Messmer,Mark,B.,,,H,IN,08,,,,,,,,
SB23,C00000901,B7FA5B3B2A80E029D02,,,CCM,Meuser For Congress,,,,,,PO Box 183,,Hudson,WI,54016,G2024,,2024-10-08,1500.00,,2024 General,011,C00654723,Meuser,H8PA10147,Meuser,Daniel,P.,,,H,PA,09,,,,,,,,
SB23,C00000901,371A5D38C910A92B2B4,,,CCM,Michelle Steel For Congress,,,,,,9070 Irvine Center Dr,Ste 150,Irvine,CA,92618,G2024,,2024-10-16,5000.00,,2024 General,011,C00704981,Steel,H0CA48198,Steel,Michelle,Park,,,H,CA,45,,,,,,,,
SB23,C00000901,7791F3A693AB0E78CB5,,,CCM,Mike Johnson For Louisiana,,,,,,C/O 228 S. WASHINGTON ST.,STE. 115,ALEXANDRIA,VA,22314,G2024,,2024-10-08,5000.00,,2024 General,011,C00608695,Johnson,H6LA04138,Johnson,Mike,,,,H,LA,04,,,,,,,,
SB23,C00000901,915D65B3A135B89EB9B,,,CCM,Mike Thompson For Congress,,,,,,5445 Madison Ave,,Sacramento,CA,95841,G2024,,2024-10-16,5000.00,,2024 General,011,C00326363,Thompson,H8CA01109,Thompson,Michael,C.,,,H,CA,04,,,,,,,,
SB23,C00000901,39D39B7D541D6894078,,,CCM,Moolenaar For Congress,,,,,,5915 Eastman Ave,Ste 100,Midland,MI,486406824,G2024,,2024-10-08,3500.00,,2024 General,011,C00561530,Moolenaar,H4MI04126,Moolenaar,John,,,,H,MI,02,,,,,,,,
SB23,C00000901,64FB8FAEBE59E076C01,,,CCM,Morgan Griffith For Congress,,,,,,PO Box 361,,Christiansburg,VA,24068,G2024,,2024-10-08,3500.00,,2024 General,011,C00477240,Griffith,H0VA09055,Griffith,H. Morgan,,,,H,VA,09,,,,,,,,
SB23,C00000901,B092D00D48E33E3D67C,,,CCM,Nancy Mace For Congress,,,,,,295 Seven Farms Dr,Ste C,Daniel Island,SC,29492,G2024,,2024-10-08,2500.00,,2024 General,011,C00710103,Mace,H0SC01394,Mace,Nancy,R.,,,H,SC,01,,,,,,,,
SB23,C00000901,483D969F22A870B2575,,,CCM,Norma Torres For Congress,,,,,,728 W Edna Pl,,Covina,CA,91722,G2024,,2024-10-16,1000.00,,2024 General,011,C00557652,Torres,H4CA35031,Torres,Norma,Judith,,,H,CA,35,,,,,,,,
SB23,C00000901,EAD8665DEEEB7FDFCFC,,,PAC,Oregon Frontier PAC,,,,,,228 S Washington St,Ste 115,Alexandria,VA,22314,O2024,Contribution,2024-10-09,5000.00,,2024 Contribution,011,C00761528,Oregon Frontier PAC,,,,,,,,,,,,,,,,,
SB23,C00000901,7C471B8B91A64CAEFE9,,,CCM,Patriots For Perry,,,,,,4075 Linglestown Rd,,Harrisburg,PA,17112,G2024,,2024-10-08,2500.00,,2024 General,011,C00510164,Perry,H2PA04135,Perry,Scott,Gordon,,,H,PA,10,,,,,,,,
SB23,C00000901,51DD7EDBAB5545508BC,,,CCM,Pete Aguilar For Congress,,,,,,PO Box 10954,,San Bernardino,CA,92423,G2024,,2024-10-16,5000.00,,2024 General,011,C00510461,Aguilar,H2CA31125,Aguilar,Peter,Ray,,,H,CA,33,,,,,,,,
SB23,C00000901,75A07035191E6405ADA,,,CCM,Pete Sessions For Congress,,,,,,PO Box 7754,,Waco,TX,767147754,G2024,,2024-10-16,3500.00,,2024 General,011,C00303305,Sessions,H2TX03126,Sessions,Peter,Anderson,,,H,TX,17,,,,,,,,
SB23,C00000901,43FDA9FA2AEDE84ACD5,,,CCM,Pete Stauber For Congress,,,,,,23 W Central Entrance,,Duluth,MN,55811,G2024,,2024-10-02,3500.00,,2024 General,011,C00650697,Stauber,H8MN08043,Stauber,Pete,,,,H,MN,08,,,,,,,,
SB23,C00000901,06F9A82249635776765,,,CCM,Ralph Norman For Congress,,,,,,PO Box 37467,,Rock Hill,SC,29732,G2024,,2024-10-08,3000.00,,2024 General,011,C00633610,Norman,H8SC05158,Norman,Ralph,W.,,Jr.,H,SC,05,,,,,,,,
SB23,C00000901,6FAA797C3D904D71215,,,CCM,Rob Wittman For Congress,,,,,,PO Box 427,,Alexandria,VA,22313,G2024,,2024-10-08,2000.00,,2024 General,011,C00441014,Wittman,H8VA01147,Wittman,Robert,Joseph,,,H,VA,01,,,,,,,,
SB23,C00000901,8EF767FDE86D4200418,,,CCM,Roger Williams For U S Congress Committee,,,,,,10 N Caddo St,,Cleburne,TX,76031,G2024,,2024-10-16,3500.00,,2024 General,011,C00498121,Williams,H2TX33040,Williams,Roger,,,,H,TX,25,,,,,,,,
SB23,C00000901,30C8352D19BAE496FCF,,,CCM,Rogers For Senate,,,,,,PO Box 132,,Saint Joseph,MI,490850132,G2024,,2024-10-08,5000.00,,2024 General,011,C00849810,Rogers,S4MI00595,Rogers,Mike,J.,,,S,MI,,,,,,,,,
SB23,C00000901,D66364DC954ACAD7ED4,,,CCM,Rudy For Indiana,,,,,,PO Box 26141,,Alexandria,VA,22313,G2024,,2024-10-08,3500.00,,2024 General,011,C00822767,Yakym,H2IN02295,Yakym,Rudy,,,III,H,IN,02,,,,,,,,
SB23,C00000901,CDE5B10386B1D6F04AC,,,CCM,Salud Carbajal For Congress,,,,,,PO Box 1290,,Santa Barbara,CA,93102,G2024,,2024-10-16,2500.00,,2024 General,011,C00576041,Carbajal,H6CA24303,Carbajal,Salud,O.,,,H,CA,24,,,,,,,,
SB23,C00000901,4F64A99790DA303BBFB,,,CCM,Scalise For Congress,,,,,,PO Box 23219,,New Orleans,LA,701833219,G2024,,2024-10-08,5000.00,,2024 General,011,C00394957,Scalise,H0LA01087,Scalise,Stephen,Joseph,,,H,LA,01,,,,,,,,
SB23,C00000901,E3703B7219CB4C4229D,,,CCM,Scott Fitzgerald For Congress,,,,,,PO Box 484,,Oconomowoc,WI,530660484,G2024,,2024-10-16,5000.00,,2024 General,011,C00720011,Fitzgerald,H0WI05113,Fitzgerald,Scott,L.,,,H,WI,05,,,,,,,,
SB23,C00000901,42E962729630F39E78E,,,CCM,Scott Peters For Congress,,,,,,PO Box 22074,,San Diego,CA,92192,G2024,,2024-10-16,1000.00,,2024 General,011,C00503110,Peters,H2CA52089,Peters,Scott,H.,,,H,CA,50,,,,,,,,
SB23,C00000901,99FFD0488AB445D5AFD,,,CCM,Sherman For Congress,,,,,,777 S Figueroa St,Ste 4050,Los Angeles,CA,90017,G2024,,2024-10-08,5000.00,,2024 General,011,C00308742,Sherman,H6CA24113,Sherman,Bradley,James,,,H,CA,32,,,,,,,,
SB23,C00000901,AB7E5375210A7E38B6F,,,CCM,Shreve For Congress,,,,,,PO Box 17182,,Southport,IN,46227,G2024,,2024-10-08,2500.00,,2024 General,011,C00870949,Shreve,H4IN06185,Shreve,Jefferson,,,,H,IN,06,,,,,,,,
SB23,C00000901,71247FECA59D5224E13,,,CCM,Shri For Congress,,,,,,19460 Lowell Dr,,Detroit,MI,48203,G2024,,2024-10-08,1000.00,,2024 General,011,C00798132,Thanedar,H2MI13204,Thanedar,Shri,,,,H,MI,13,,,,,,,,
SB23,C00000901,59C0093202386E0E6E7,,,CCM,Simpson For Congress,,,,,,1487 Parkway Dr,,Blackfoot,ID,832211667,G2024,,2024-10-16,5000.00,,2024 General,011,C00331397,Simpson,H8ID02064,Simpson,Michael,Keith,,,H,ID,02,,,,,,,,
SB23,C00000901,3DE525E0B4369DE5D1F,,,CCM,Smucker For Congress,,,,,,824 S Milledge Ave,Ste 101,Athens,GA,30605,G2024,,2024-10-08,3500.00,,2024 General,011,C00599464,Smucker,H6PA16320,Smucker,Lloyd,K.,,,H,PA,11,,,,,,,,
SB23,C00000901,FB8BE56F945B04AB008,,,CCM,Stand With Sanchez,,,,,,PO Box 4006,,Whittier,CA,90607,G2024,,2024-10-16,1000.00,,2024 General,011,C00384057,Sanchez,H2CA39078,Sanchez,Linda,T.,,,H,CA,38,,,,,,,,
SB23,C00000901,404E673354CE7D6DD3F,,,CCM,"Steil For Wisconsin, Inc.",,,,,,1818 MILTON AVE,# 1448,JANESVILLE,WI,535451129,G2024,,2024-10-08,3500.00,,2024 General,011,C00677286,Steil,H8WI01156,Steil,Bryan,G.,,,H,WI,01,,,,,,,,
SB23,C00000901,860F785C6614421A8D7,,,CCM,Stutzman For Congress,,,,,,PO Box 339,,Howe,IN,46746,G2024,,2024-10-08,2500.00,,2024 General,011,C00838110,Stutzman,H4IN03174,Stutzman,Marlin,Andrew,,,H,IN,03,,,,,,,,
SB23,C00000901,D135C8D144DCC1EE503,,,CCM,Suhas For Virginia,,,,,,PO Box 302,,Ashburn,VA,20146,G2024,,2024-10-08,2500.00,,2024 General,011,C00856963,Subramanyam,H4VA10279,Subramanyam,Suhas,,,,H,VA,10,,,,,,,,
SB23,C00000901,18EA1E149B37EE47AAA,,,CCM,Sylvester Turner Campaign,,,,,,PO Box 56386,,Houston,TX,77256,G2024,,2024-10-16,1000.00,,2024 General,011,C00885301,Turner,H4TX18237,Turner,Sylvester,,,,H,TX,18,,,,,,,,
SB23,C00000901,A63089B0E2E1F961B3D,,,CCM,Teresa For All,,,,,,PO Box 2675,,Santa Fe,NM,87504,G2024,,2024-10-08,3000.00,,2024 General,011,C00704049,Leger Fernandez,H0NM03102,Leger Fernandez,Teresa,,,,H,NM,03,,,,,,,,
SB23,C00000901,11221B5A90D54F71907,,,CCM,Texans For Henry Cuellar Congressional Campaign,,,,,,PO Box 6147,,Laredo,TX,78042,G2024,,2024-10-16,3000.00,,2024 General,011,C00371302,Cuellar,H2TX23082,Cuellar,Henry,Roberto,,,H,TX,28,,,,,,,,
SB23,C00000901,59C5886659D4F782AE7,,,CCM,Troy Carter For Congress,,,,,,PO Box 50730,,New Orleans,LA,70150,G2024,,2024-10-08,2500.00,,2024 General,011,C00763649,Carter,H2LA02149,Carter,Troy,A.,,,H,LA,02,,,,,,,,
SB23,C00000901,5E898B7DC4EC2D46642,,,CCM,Val Hoyle For Congress,,,,,,PO Box 657,,Springfield,OR,97477,G2024,,2024-10-16,3000.00,,2024 General,011,C00796144,Hoyle,H2OR04095,Hoyle,Val,,,,H,OR,04,,,,,,,,
SB23,C00000901,91370FDE0FA5E5B228F,,,CCM,Veronica Escobar For Congress,,,,,,PO Box 3961,,El Paso,TX,79923,G2024,,2024-10-16,1000.00,,2024 General,011,C00653923,Escobar,H8TX16109,Escobar,Veronica,,,,H,TX,16,,,,,,,,
SB23,C00000901,4CD25E5C029B06F1807,,,CCM,Vicente Gonzalez For Congress,,,,,,PO Box 6270,,Brownsville,TX,78523,G2024,,2024-10-16,4500.00,,2024 General,011,C00592659,Gonzalez,H6TX15162,Gonzalez,Vicente,,,,H,TX,34,,,,,,,,
SB23,C00000901,6F2C9BA88B1477D7D41,,,CCM,William Timmons For Congress,,,,,,PO Box 3416,,Greenville,SC,29602,G2024,,2024-10-08,3500.00,,2024 General,011,C00668491,Timmons,H8SC04250,Timmons,William,R.,,IV,H,SC,04,,,,,,,,
